-2.76859
-4.56992
-1.68739
-1.54823
-0.757107
0.0969705
-1.61026
-3.1589
-1.82713
-1.09383
-0.247789
0.387329
-1.30066
-2.24487
-3.2789
0.292493
-1.2441
-0.964077
-0.31327
-1.09439
-0.632962
-10.5866
-0.937244
-6.22608
-12.3619
-7.65238
-8.3462
-5.90813
-0.512219
-0.714646
-0.844398
-13.3428
-0.883289
-0.873748
-0.604903
-0.634043
-7.21088
-1.45559
-7.60696
-0.783019
-0.0271762
0.0323722
0.0672027
-0.00194272
0.0316364
0.0105784
0.0059485
0.0227043
0.0159944
0.0340497
0.0341585
0.017613
0.136122
0.0112131
0.722248
0.00504607
0.206651
0.0147188
-0.00494459
0.178704
0.0104618
0.0636231
0.0455123
0.0380617
0.0304339
0.0111738
0.00863419
0.00420578
0.000476608
0.000948573
0.00322563
5.09838e-017
0.000580198
4.3815e-017
-1.3899e-016
3.19985e-017
6.20827e-017
0.00022259
-1.19981e-016
2.22422e-017
4.58444e-017
-1.42675e-016
-1.48822e-016
-1.11975e-016
-1.15257e-016
3.73089e-017
-1.33342e-016
2.80777e-017
4.80553e-017
-1.09774e-016
4.36815e-017
4.73918e-017
2.86657e-017
3.00188e-017
-1.1433e-016
-1.35246e-016
3.85134e-017
-1.37901e-016
-1.0573e-016
-1.51885e-016
4.31336e-017
-1.06267e-016
3.5007e-017
-1.01565e-016
-1.38263e-016
5.59505e-017
-1.04515e-016
1.49204e-017
-1.24312e-016
-1.48987e-016
7.1027e-017
-1.34568e-016
2.88138e-017
5.37361e-017
5.32204e-017
1.982e-017
4.85589e-017
-1.15386e-016
-1.38282e-016
4.1647e-017
-1.12054e-016
6.03991e-017
2.72776e-017
-1.14911e-016
6.10052e-017
2.41531e-017
-1.49677e-016
5.27678e-017
-9.49298e-017
-1.04742e-016
-1.1704e-016
2.99933e-017
-1.18662e-016
3.6965e-017
-1.05365e-016
5.17415e-017
-1.20986e-016
-1.27082e-016
5.61725e-017
1.74354e-017
4.24873e-017
1.95094e-017
-1.55836e-016
2.70849e-017
-1.44987e-016
-1.06593e-016
-1.35123e-016
5.98702e-017
-1.14683e-016
-1.13342e-016
3.38788e-017
-1.36307e-016
-1.36174e-016
-1.34509e-016
-1.52147e-016
4.32539e-017
1.89554e-017
1.28168e-017
1.87146e-017
6.95754e-017
6.88207e-017
6.09076e-017
7.40391e-017
3.63469e-017
-1.38663e-016
5.96732e-017
-1.41293e-016
-1.29985e-016
-1.09945e-016
-1.51195e-016
5.58893e-017
-1.00023e-016
-1.30362e-016
-1.39295e-016
-1.33114e-016
3.67332e-017
-1.12863e-016
5.28328e-017
6.56895e-017
5.93822e-017
4.21849e-017
6.12483e-017
1.40244e-017
-9.57401e-017
-9.04826e-017
5.04691e-017
-1.02796e-016
-1.39337e-016
7.19508e-017
-1.34224e-016
-1.31674e-016
-1.31377e-016
4.43453e-017
2.73993e-017
-1.28501e-016
-1.20817e-016
2.76484e-017
1.71557e-017
-1.49241e-016
-9.9582e-017
6.95158e-017
6.39244e-017
-1.30021e-016
4.84819e-017
6.78625e-017
-1.48609e-016
5.17936e-017
4.3543e-017
4.37991e-017
6.45157e-017
5.51526e-017
6.0321e-017
-1.28521e-016
-1.31813e-016
-1.35054e-016
6.95266e-017
-1.03121e-016
2.09203e-017
5.96854e-017
-9.49953e-017
-1.47784e-016
5.87973e-017
-1.4635e-016
6.2537e-017
-1.08513e-016
4.07455e-017
-1.12694e-016
-1.17518e-016
-1.07416e-016
-1.34585e-016
-1.16217e-016
-1.3171e-016
1.85155e-017
8.20494e-018
-1.52652e-016
2.96284e-017
-1.28235e-016
2.35716e-017
-1.05343e-016
-1.47044e-016
5.833e-017
-1.22002e-016
-1.43662e-016
5.79948e-017
-1.47513e-016
-1.13446e-016
6.37992e-017
1.9231e-017
4.39161e-017
2.09912e-017
-9.42207e-017
2.2998e-017
1.89686e-017
3.33248e-017
1.06225e-017
2.16764e-017
1.26604e-017
3.60308e-017
1.42543e-017
-1.03626e-016
-1.52532e-016
-1.31335e-016
-1.04342e-016
-1.54054e-016
-1.09491e-016
5.78735e-017
-1.20654e-016
2.94036e-017
4.79169e-017
3.44293e-017
-1.20734e-016
5.41851e-017
-1.27006e-016
-1.19899e-016
1.83747e-017
5.12115e-017
-1.43273e-016
-1.1799e-016
-1.34398e-016
3.5973e-017
2.21383e-017
5.02206e-017
-1.54758e-016
4.45171e-017
3.36998e-017
-1.28829e-016
-1.03655e-016
-1.50928e-016
-9.78172e-017
-1.52185e-016
-1.3943e-016
6.07848e-017
-1.15934e-016
5.60665e-017
2.24683e-017
-1.11717e-016
5.98762e-017
3.07743e-017
4.41799e-017
6.82298e-017
