5.12532e-006
0.00151603
0.165781
0.317918
0.0718927
0.000135318
0.394937
0.00163057
0.0087852
0.999489
0.113116
0.000987936
0.000267423
1
0.0202945
0.000991996
0.341242
1.28854e-016
0.0664999
0.000134747
0.211158
7.84044e-010
3.00054e-024
4.77499e-006
4.32613e-008
1.27438e-006
2.19484e-007
6.62613e-006
2.55811e-010
7.91762e-005
0.160802
0.0697244
2.07532e-009
1.89023e-007
0.199059
9.00082e-009
5.03033e-007
0.00361367
5.37778e-006
0.00423235
0.858046
0.840824
0.533964
0.495374
0.497165
0.494578
0.515582
0.498686
0.504218
0.879565
0.503416
0.498228
0.58879
0.537926
0.783651
0.488986
0.521294
0.501609
0.538192
0.553872
0.494496
0.491169
0.49381
0.498553
0.498755
0.497672
0.498212
0.499488
0.500419
0.500062
0.499577
0.5
0.500082
0.5
0.5
0.5
0.5
0.499995
0.5
0.5
0.5
0.5
0.5
0.5
0.5
0.5
0.5
0.5
0.5
0.5
0.5
0.5
0.5
0.5
0.5
0.5
0.5
0.5
0.5
0.5
0.5
0.5
0.5
0.5
0.5
0.5
0.5
0.5
0.5
0.5
0.5
0.5
0.5
0.5
0.5
0.5
0.5
0.5
0.5
0.5
0.5
0.5
0.5
0.5
0.5
0.5
0.5
0.5
0.5
0.5
0.5
0.5
0.5
0.5
0.5
0.5
0.5
0.5
0.5
0.5
0.5
0.5
0.5
0.5
0.5
0.5
0.5
0.5
0.5
0.5
0.5
0.5
0.5
0.5
0.5
0.5
0.5
0.5
0.5
0.5
0.5
0.5
0.5
0.5
0.5
0.5
0.5
0.5
0.5
0.5
0.5
0.5
0.5
0.5
0.5
0.5
0.5
0.5
0.5
0.5
0.5
0.5
0.5
0.5
0.5
0.5
0.5
0.5
0.5
0.5
0.5
0.5
0.5
0.5
0.5
0.5
0.5
0.5
0.5
0.5
0.5
0.5
0.5
0.5
0.5
0.5
0.5
0.5
0.5
0.5
0.5
0.5
0.5
0.5
0.5
0.5
0.5
0.5
0.5
0.5
0.5
0.5
0.5
0.5
0.5
0.5
0.5
0.5
0.5
0.5
0.5
0.5
0.5
0.5
0.5
0.5
0.5
0.5
0.5
0.5
0.5
0.5
0.5
0.5
0.5
0.5
0.5
0.5
0.5
0.5
0.5
0.5
0.5
0.5
0.5
0.5
0.5
0.5
0.5
0.5
0.5
0.5
0.5
0.5
0.5
0.5
0.5
0.5
0.5
0.5
0.5
0.5
0.5
0.5
0.5
0.5
0.5
0.5
0.5
0.5
0.5
0.5
0.5
0.5
0.5
0.5
0.5
0.5
0.5
0.5
0.5
0.5
0.5
0.5
0.5
0.5
0.5
0.5
0.5
0.5
