-6.09066
-3.24507
-0.807913
-0.381679
-1.27899
-4.45387
-0.213303
-3.2086
-2.36293
3.7893
-1.02965
-3.45945
-4.11321
12.1746
-1.93845
-3.4574
-0.328881
-18.2939
-1.32087
-4.45599
-0.658981
-10.4833
-27.0816
-6.12606
-8.478
-6.78652
-7.66599
-5.96224
-11.0433
-4.72188
-0.826136
-1.29547
-9.99657
-7.7407
-0.696092
-9.26298
-7.2513
-2.80971
-6.06662
-2.73038
0.899579
0.832187
0.0680324
-0.00925271
-0.00567047
-0.0108446
0.0311735
-0.00262782
0.00843667
0.994158
0.00683145
-0.00354356
0.179483
0.0759981
0.643537
-0.0220321
0.0426141
0.00321744
0.0765337
0.108164
-0.0110083
-0.0176637
-0.0123804
-0.00289322
-0.0024903
-0.0046556
-0.00357679
-0.00102411
0.000837255
0.00012425
-0.000846466
-3.38491e-017
0.000163537
-3.93644e-017
-5.63461e-017
-5.28776e-017
-2.51306e-017
-9.0442e-006
-4.27542e-017
-5.26185e-017
-4.63851e-017
-5.56969e-017
-6.62188e-017
-4.12517e-017
-3.37196e-017
-3.23586e-017
-5.26772e-017
-5.2463e-017
-4.17912e-017
-2.74185e-017
-3.2477e-017
-2.32537e-017
-4.65102e-017
-4.58241e-017
-4.68475e-017
-6.06441e-017
-4.61799e-017
-6.28289e-017
-3.22579e-017
-7.8679e-017
-3.90736e-017
-3.43636e-017
-4.68477e-017
-2.665e-017
-5.58528e-017
-3.09132e-017
-2.08272e-017
-5.42931e-017
-4.32391e-017
-7.75533e-017
-2.56627e-018
-7.46178e-017
-3.88885e-017
-2.34532e-017
-2.12956e-017
-5.79014e-017
-2.39483e-017
-3.80521e-017
-5.9131e-017
-2.95423e-017
-3.54631e-017
-2.99671e-017
-4.29191e-017
-3.88365e-017
-1.89201e-017
-5.38594e-017
-7.3838e-017
-3.75359e-017
-1.74838e-017
-4.45409e-017
-3.87239e-017
-4.7156e-017
-4.58145e-017
-3.9773e-017
-3.32433e-017
-2.16663e-017
-5.08615e-017
-5.34929e-017
-1.89839e-017
-6.16004e-017
-3.11456e-017
-5.08122e-017
-8.64472e-017
-5.31838e-017
-7.64813e-017
-3.62892e-017
-4.85338e-017
-3.03712e-017
-3.90942e-017
-3.933e-017
-4.24107e-017
-5.44667e-017
-6.40908e-017
-5.32375e-017
-8.59999e-017
-4.1868e-017
-5.87807e-017
-5.93197e-017
-5.10938e-017
1.2774e-018
-2.04958e-017
-2.09848e-017
1.794e-018
-3.59516e-017
-6.33451e-017
-3.06501e-017
-4.96275e-017
-5.68341e-017
-3.71386e-017
-7.28289e-017
-1.39353e-017
-2.36953e-017
-5.50228e-017
-5.68753e-017
-5.61203e-017
-3.85526e-017
-4.48912e-017
-1.2722e-017
-2.46169e-017
-2.01614e-017
-2.49628e-017
-1.83294e-017
-5.89603e-017
-2.35371e-017
-1.34207e-017
-2.38214e-017
-3.25112e-017
-6.50404e-017
-1.93382e-018
-5.30506e-017
-5.01452e-017
-3.64238e-017
-3.46896e-017
-4.35299e-017
-5.2476e-017
-3.86469e-017
-3.14133e-017
-5.49596e-017
-8.09115e-017
-2.70234e-017
-8.72271e-019
-3.54562e-018
-4.75566e-017
-3.46217e-017
-1.0012e-017
-6.69504e-017
-2.0823e-017
-3.43734e-017
-3.74795e-017
-1.81354e-017
-3.3493e-017
-1.41453e-017
-5.04815e-017
-5.41456e-017
-6.69331e-017
5.23217e-018
-3.11033e-017
-5.24069e-017
-2.79183e-017
-2.2159e-017
-6.27663e-017
-2.11858e-017
-6.71869e-017
-1.58688e-017
-4.12038e-017
-3.70618e-017
-3.51521e-017
-3.62782e-017
-3.37054e-017
-5.25263e-017
-4.11332e-017
-5.36624e-017
-5.80042e-017
-7.20532e-017
-7.38556e-017
-4.37038e-017
-5.11747e-017
-3.93757e-017
-3.16327e-017
-5.88132e-017
-2.61759e-017
-4.69761e-017
-6.57164e-017
-1.69288e-017
-6.61097e-017
-3.02884e-017
-1.56182e-017
-6.18102e-017
-3.62842e-017
-5.33492e-017
-2.02918e-017
-4.89419e-017
-6.60289e-017
-4.54724e-017
-6.99779e-017
-5.53877e-017
-5.45752e-017
-3.84409e-017
-6.32038e-017
-2.78477e-017
-7.48511e-017
-3.73801e-017
-2.45136e-017
-7.36073e-017
-3.91358e-017
-1.72651e-017
-4.4536e-017
-4.17959e-017
-3.73581e-017
-4.27877e-017
-3.82125e-017
-2.83234e-017
-3.97168e-017
-3.33194e-017
-4.87212e-017
-2.65268e-017
-6.64931e-017
-4.12356e-017
-6.11307e-017
-4.53955e-017
-4.757e-017
-4.04451e-017
-8.58023e-017
-3.23879e-017
-3.10814e-017
-5.13783e-017
-2.84457e-017
-6.76758e-017
-1.86189e-017
-7.58608e-017
-5.93379e-017
-2.84595e-017
-3.70454e-017
-1.14367e-017
-5.77358e-017
-3.08596e-017
-1.63155e-017
-4.08908e-017
-2.76749e-017
-1.99441e-018
